Dynamical matrix file
default                                                                    
  3    5   0   7.3699319   0.0000000   0.0000000   0.0000000   0.0000000   0.0000000
Basis vectors
      1.000000000    0.000000000    0.000000000
      0.000000000    1.000000000    0.000000000
      0.000000000    0.000000000    1.025641026
           1  'O      '    14582.196445495396     
           2  'Pb     '    188851.24717211360     
           3  'Ti     '    43628.101584882053     
    1    2      0.0000000000      0.0000000000      0.0000000000
    2    3      0.5000000000      0.5000000000      0.5128205128
    3    1      0.0000000000      0.5000000000      0.5128205128
    4    1      0.5000000000      0.0000000000      0.5128205128
    5    1      0.5000000000      0.5000000000      0.0000000000

     Dynamical  Matrix in cartesian axes

     q = (    0.000000000   0.000000000   0.000000000 ) 

    1    1
  0.01176092   0.00000000     0.00000000   0.00000000     0.00000000   0.00000000
  0.00000000   0.00000000     0.01176092   0.00000000     0.00000000   0.00000000
  0.00000000   0.00000000     0.00000000   0.00000000     0.01531349   0.00000000
    1    2
 -0.05167122   0.00000000     0.00000000   0.00000000     0.00000000   0.00000000
  0.00000000   0.00000000    -0.05167122   0.00000000     0.00000000   0.00000000
  0.00000000   0.00000000     0.00000000   0.00000000    -0.05483499   0.00000000
    1    3
 -0.01582531   0.00000000     0.00000000   0.00000000     0.00000000   0.00000000
  0.00000000   0.00000000     0.02769945   0.00000000     0.00000000   0.00000000
  0.00000000   0.00000000     0.00000000   0.00000000     0.02905188   0.00000000
    1    4
  0.02769945   0.00000000     0.00000000   0.00000000     0.00000000   0.00000000
  0.00000000   0.00000000    -0.01582531   0.00000000     0.00000000   0.00000000
  0.00000000   0.00000000     0.00000000   0.00000000     0.02905188   0.00000000
    1    5
  0.02963157   0.00000000     0.00000000   0.00000000     0.00000000   0.00000000
  0.00000000   0.00000000     0.02963157   0.00000000     0.00000000   0.00000000
  0.00000000   0.00000000     0.00000000   0.00000000    -0.01778740   0.00000000
    2    1
 -0.05167122   0.00000000     0.00000000   0.00000000     0.00000000   0.00000000
  0.00000000   0.00000000    -0.05167122   0.00000000     0.00000000   0.00000000
  0.00000000   0.00000000     0.00000000   0.00000000    -0.05483499   0.00000000
    2    2
  0.01359423   0.00000000     0.00000000   0.00000000     0.00000000   0.00000000
  0.00000000   0.00000000     0.01359423   0.00000000     0.00000000   0.00000000
  0.00000000   0.00000000     0.00000000   0.00000000    -0.03057647   0.00000000
    2    3
  0.03145641   0.00000000     0.00000000   0.00000000     0.00000000   0.00000000
  0.00000000   0.00000000     0.00664144   0.00000000     0.00000000   0.00000000
  0.00000000   0.00000000     0.00000000   0.00000000     0.00002963   0.00000000
    2    4
  0.00664144   0.00000000     0.00000000   0.00000000     0.00000000   0.00000000
  0.00000000   0.00000000     0.03145641   0.00000000     0.00000000   0.00000000
  0.00000000   0.00000000     0.00000000   0.00000000     0.00002963   0.00000000
    2    5
 -0.00527089   0.00000000     0.00000000   0.00000000     0.00000000   0.00000000
  0.00000000   0.00000000    -0.00527089   0.00000000     0.00000000   0.00000000
  0.00000000   0.00000000     0.00000000   0.00000000     0.07775767   0.00000000
    3    1
 -0.01582531   0.00000000     0.00000000   0.00000000     0.00000000   0.00000000
  0.00000000   0.00000000     0.02769945   0.00000000     0.00000000   0.00000000
  0.00000000   0.00000000     0.00000000   0.00000000     0.02905188   0.00000000
    3    2
  0.03145641   0.00000000     0.00000000   0.00000000     0.00000000   0.00000000
  0.00000000   0.00000000     0.00664144   0.00000000     0.00000000   0.00000000
  0.00000000   0.00000000     0.00000000   0.00000000     0.00002963   0.00000000
    3    3
  0.18025024   0.00000000     0.00000000   0.00000000     0.00000000   0.00000000
  0.00000000   0.00000000     0.06899720   0.00000000     0.00000000   0.00000000
  0.00000000   0.00000000     0.00000000   0.00000000     0.06108022   0.00000000
    3    4
 -0.10252273   0.00000000     0.00000000   0.00000000     0.00000000   0.00000000
  0.00000000   0.00000000    -0.10252273   0.00000000     0.00000000   0.00000000
  0.00000000   0.00000000     0.00000000   0.00000000     0.00593073   0.00000000
    3    5
 -0.09198644   0.00000000     0.00000000   0.00000000     0.00000000   0.00000000
  0.00000000   0.00000000     0.00154196   0.00000000     0.00000000   0.00000000
  0.00000000   0.00000000     0.00000000   0.00000000    -0.09476242   0.00000000
    4    1
  0.02769945   0.00000000     0.00000000   0.00000000     0.00000000   0.00000000
  0.00000000   0.00000000    -0.01582531   0.00000000     0.00000000   0.00000000
  0.00000000   0.00000000     0.00000000   0.00000000     0.02905188   0.00000000
    4    2
  0.00664144   0.00000000     0.00000000   0.00000000     0.00000000   0.00000000
  0.00000000   0.00000000     0.03145641   0.00000000     0.00000000   0.00000000
  0.00000000   0.00000000     0.00000000   0.00000000     0.00002963   0.00000000
    4    3
 -0.10252273   0.00000000     0.00000000   0.00000000     0.00000000   0.00000000
  0.00000000   0.00000000    -0.10252273   0.00000000     0.00000000   0.00000000
  0.00000000   0.00000000     0.00000000   0.00000000     0.00593073   0.00000000
    4    4
  0.06899720   0.00000000     0.00000000   0.00000000     0.00000000   0.00000000
  0.00000000   0.00000000     0.18025024   0.00000000     0.00000000   0.00000000
  0.00000000   0.00000000     0.00000000   0.00000000     0.06108022   0.00000000
    4    5
  0.00154196   0.00000000     0.00000000   0.00000000     0.00000000   0.00000000
  0.00000000   0.00000000    -0.09198644   0.00000000     0.00000000   0.00000000
  0.00000000   0.00000000     0.00000000   0.00000000    -0.09476242   0.00000000
    5    1
  0.02963157   0.00000000     0.00000000   0.00000000     0.00000000   0.00000000
  0.00000000   0.00000000     0.02963157   0.00000000     0.00000000   0.00000000
  0.00000000   0.00000000     0.00000000   0.00000000    -0.01778740   0.00000000
    5    2
 -0.00527089   0.00000000     0.00000000   0.00000000     0.00000000   0.00000000
  0.00000000   0.00000000    -0.00527089   0.00000000     0.00000000   0.00000000
  0.00000000   0.00000000     0.00000000   0.00000000     0.07775767   0.00000000
    5    3
 -0.09198644   0.00000000     0.00000000   0.00000000     0.00000000   0.00000000
  0.00000000   0.00000000     0.00154196   0.00000000     0.00000000   0.00000000
  0.00000000   0.00000000     0.00000000   0.00000000    -0.09476242   0.00000000
    5    4
  0.00154196   0.00000000     0.00000000   0.00000000     0.00000000   0.00000000
  0.00000000   0.00000000    -0.09198644   0.00000000     0.00000000   0.00000000
  0.00000000   0.00000000     0.00000000   0.00000000    -0.09476242   0.00000000
    5    5
  0.06808310   0.00000000     0.00000000   0.00000000     0.00000000   0.00000000
  0.00000000   0.00000000     0.06808310   0.00000000     0.00000000   0.00000000
  0.00000000   0.00000000     0.00000000   0.00000000     0.13124301   0.00000000

     Dielectric Tensor:

          8.641786903998          0.000000000000          0.000000000000
          0.000000000000          8.641786903998          0.000000000000
          0.000000000000          0.000000000000          8.303378601934

     Effective Charges E-U: Z_{alpha}{s,beta}

     atom #    1
          3.895215426380          0.000000000000          0.000000000000
          0.000000000000          3.895215426380          0.000000000000
          0.000000000000          0.000000000000          3.805533746961
     atom #    2
          7.369152642029          0.000000000000          0.000000000000
          0.000000000000          7.369152642029          0.000000000000
          0.000000000000          0.000000000000          6.863050330146
     atom #    3
         -6.047064494081          0.000000000000          0.000000000000
          0.000000000000         -2.512344269017          0.000000000000
          0.000000000000          0.000000000000         -2.540856715348
     atom #    4
         -2.512344269017          0.000000000000          0.000000000000
          0.000000000000         -6.047064494081          0.000000000000
          0.000000000000          0.000000000000         -2.540856715348
     atom #    5
         -2.694296395227          0.000000000000          0.000000000000
          0.000000000000         -2.694296395227          0.000000000000
          0.000000000000          0.000000000000         -5.579542405881

     Effective Charges U-E: Z_{s,alpha}{beta}

     atom #    1
      0.389568981624E+01      0.000000000000E+00      0.000000000000E+00
      0.000000000000E+00      0.389568981624E+01      0.000000000000E+00
      0.000000000000E+00      0.000000000000E+00      0.380599178544E+01
     atom #    2
      0.736980750267E+01      0.000000000000E+00      0.000000000000E+00
      0.000000000000E+00      0.736980750267E+01      0.000000000000E+00
      0.000000000000E+00      0.000000000000E+00      0.686268521287E+01
     atom #    3
     -0.604766481894E+01      0.000000000000E+00      0.000000000000E+00
      0.000000000000E+00     -0.251215930967E+01      0.000000000000E+00
      0.000000000000E+00      0.000000000000E+00     -0.254123213391E+01
     atom #    4
     -0.251215930967E+01      0.000000000000E+00      0.000000000000E+00
      0.000000000000E+00     -0.604766481894E+01      0.000000000000E+00
      0.000000000000E+00      0.000000000000E+00     -0.254123213391E+01
     atom #    5
     -0.269422228440E+01      0.000000000000E+00      0.000000000000E+00
      0.000000000000E+00     -0.269422228440E+01      0.000000000000E+00
      0.000000000000E+00      0.000000000000E+00     -0.557929386379E+01

     Diagonalizing the dynamical matrix

     q = (    0.000000000   0.000000000   0.000000000 ) 

 **************************************************************************
     freq (    1) =      -6.579672 [THz] =    -219.474222 [cm-1]
 (  0.000000  0.000000 -0.000000  0.000000  0.047658 -0.000000 ) 
 (  0.000000 -0.000000 -0.000000  0.000000  0.358174  0.000000 ) 
 ( -0.000000  0.000000  0.000000  0.000000 -0.486705  0.000000 ) 
 ( -0.000000  0.000000  0.000000 -0.000000 -0.486705  0.000000 ) 
 ( -0.000000  0.000000  0.000000  0.000000 -0.629028  0.000000 ) 
     freq (    2) =      -4.700323 [THz] =    -156.785891 [cm-1]
 (  0.063601  0.000000  0.061525  0.000000  0.000000  0.000000 ) 
 (  0.162106  0.000000  0.156815  0.000000 -0.000000  0.000000 ) 
 ( -0.395914  0.000000 -0.419691  0.000000 -0.000000  0.000000 ) 
 ( -0.433853  0.000000 -0.382991  0.000000 -0.000000  0.000000 ) 
 ( -0.375882  0.000000 -0.363613  0.000000  0.000000  0.000000 ) 
     freq (    3) =      -4.700323 [THz] =    -156.785891 [cm-1]
 ( -0.061525  0.000000  0.063601  0.000000  0.000000  0.000000 ) 
 ( -0.156815  0.000000  0.162106  0.000000  0.000000  0.000000 ) 
 (  0.382991  0.000000 -0.433853  0.000000 -0.000000  0.000000 ) 
 (  0.419691  0.000000 -0.395914  0.000000  0.000000  0.000000 ) 
 (  0.363613  0.000000 -0.375882  0.000000 -0.000000  0.000000 ) 
     freq (    4) =      -0.351307 [THz] =     -11.718347 [cm-1]
 (  0.000000  0.000000  0.000000  0.000000 -0.376376  0.000000 ) 
 (  0.000000  0.000000  0.000000  0.000000 -0.470355  0.000000 ) 
 (  0.000000  0.000000  0.000000  0.000000 -0.467593  0.000000 ) 
 (  0.000000  0.000000  0.000000  0.000000 -0.467593  0.000000 ) 
 (  0.000000  0.000000  0.000000  0.000000 -0.447013  0.000000 ) 
     freq (    5) =       0.289023 [THz] =       9.640785 [cm-1]
 (  0.065319 -0.000000  0.399140  0.000000  0.000000 -0.000000 ) 
 (  0.073177 -0.000000  0.447163  0.000000  0.000000  0.000000 ) 
 (  0.073326 -0.000000  0.453033  0.000000  0.000000  0.000000 ) 
 (  0.074138 -0.000000  0.448068  0.000000  0.000000  0.000000 ) 
 (  0.074751 -0.000000  0.456778  0.000000  0.000000  0.000000 ) 
     freq (    6) =       0.289023 [THz] =       9.640785 [cm-1]
 ( -0.399140  0.000000  0.065319 -0.000000 -0.000000  0.000000 ) 
 ( -0.447163  0.000000  0.073177 -0.000000  0.000000 -0.000000 ) 
 ( -0.448068  0.000000  0.074138 -0.000000  0.000000 -0.000000 ) 
 ( -0.453033  0.000000  0.073326 -0.000000  0.000000 -0.000000 ) 
 ( -0.456778  0.000000  0.074751 -0.000000  0.000000 -0.000000 ) 
     freq (    7) =       1.962104 [THz] =      65.448749 [cm-1]
 (  0.000000  0.000000 -0.000000  0.000000 -0.302547  0.000000 ) 
 (  0.000000  0.000000 -0.000000  0.000000  0.691488  0.000000 ) 
 (  0.000000  0.000000 -0.000000  0.000000  0.442609  0.000000 ) 
 (  0.000000  0.000000 -0.000000  0.000000  0.442609  0.000000 ) 
 (  0.000000  0.000000 -0.000000  0.000000  0.196225  0.000000 ) 
     freq (    8) =       2.772322 [THz] =      92.474724 [cm-1]
 ( -0.059030  0.000000  0.270541  0.000000 -0.000000  0.000000 ) 
 (  0.190321 -0.000000 -0.872264  0.000000  0.000000 -0.000000 ) 
 (  0.013739 -0.000000 -0.130794  0.000000  0.000000 -0.000000 ) 
 (  0.028538 -0.000000 -0.062967  0.000000 -0.000000  0.000000 ) 
 (  0.068807 -0.000000 -0.315352  0.000000  0.000000 -0.000000 ) 
     freq (    9) =       2.772322 [THz] =      92.474724 [cm-1]
 (  0.270541  0.000000  0.059030  0.000000 -0.000000  0.000000 ) 
 ( -0.872264  0.000000 -0.190321  0.000000 -0.000000  0.000000 ) 
 ( -0.062967  0.000000 -0.028538  0.000000 -0.000000  0.000000 ) 
 ( -0.130794  0.000000 -0.013739  0.000000  0.000000  0.000000 ) 
 ( -0.315352  0.000000 -0.068807  0.000000 -0.000000  0.000000 ) 
     freq (   10) =       6.397854 [THz] =     213.409433 [cm-1]
 (  0.000000  0.000000  0.000000  0.000000 -0.000000  0.000000 ) 
 ( -0.000000  0.000000  0.000000  0.000000 -0.000000  0.000000 ) 
 (  0.000000  0.000000  0.000000  0.000000  0.707107  0.000000 ) 
 ( -0.000000  0.000000 -0.000000  0.000000 -0.707107  0.000000 ) 
 (  0.000000  0.000000 -0.000000  0.000000 -0.000000  0.000000 ) 
     freq (   11) =       7.071386 [THz] =     235.876039 [cm-1]
 (  0.006119 -0.000000 -0.001745  0.000000 -0.000000  0.000000 ) 
 ( -0.044633  0.000000  0.012726  0.000000  0.000000 -0.000000 ) 
 ( -0.000906  0.000000  0.185373  0.000000 -0.000000  0.000000 ) 
 ( -0.650139  0.000000  0.000258  0.000000  0.000000 -0.000000 ) 
 (  0.707180 -0.000000 -0.201637  0.000000  0.000000 -0.000000 ) 
     freq (   12) =       7.071386 [THz] =     235.876039 [cm-1]
 ( -0.001745  0.000000 -0.006119  0.000000 -0.000000  0.000000 ) 
 (  0.012726  0.000000  0.044633  0.000000  0.000000  0.000000 ) 
 (  0.000258  0.000000  0.650139  0.000000 -0.000000  0.000000 ) 
 (  0.185373  0.000000  0.000906  0.000000  0.000000  0.000000 ) 
 ( -0.201637  0.000000 -0.707180  0.000000 -0.000000  0.000000 ) 
     freq (   13) =      13.416563 [THz] =     447.528379 [cm-1]
 (  0.000000  0.000000  0.000000  0.000000 -0.013918  0.000000 ) 
 ( -0.000000  0.000000 -0.000000  0.000000  0.082259  0.000000 ) 
 ( -0.000000  0.000000  0.000000  0.000000 -0.429073  0.000000 ) 
 (  0.000000  0.000000 -0.000000  0.000000 -0.429073  0.000000 ) 
 ( -0.000000  0.000000  0.000000  0.000000  0.790463  0.000000 ) 
     freq (   14) =      14.279066 [THz] =     476.298368 [cm-1]
 (  0.010457  0.000000 -0.001292  0.000000  0.000000  0.000000 ) 
 ( -0.031685  0.000000  0.003915  0.000000  0.000000  0.000000 ) 
 ( -0.821935  0.000000 -0.051004  0.000000  0.000000  0.000000 ) 
 (  0.412805  0.000000  0.101555  0.000000 -0.000000  0.000000 ) 
 (  0.371301  0.000000 -0.045876  0.000000  0.000000  0.000000 ) 
     freq (   15) =      14.279066 [THz] =     476.298368 [cm-1]
 (  0.001292  0.000000  0.010457  0.000000 -0.000000  0.000000 ) 
 ( -0.003915  0.000000 -0.031685  0.000000 -0.000000  0.000000 ) 
 ( -0.101555  0.000000  0.412805  0.000000  0.000000  0.000000 ) 
 (  0.051004  0.000000 -0.821935  0.000000  0.000000  0.000000 ) 
 (  0.045876  0.000000  0.371301  0.000000 -0.000000  0.000000 ) 
 **************************************************************************
