CELL_PARAMETERS (angstrom)
   3.860676393   0.000000000   0.000000000
   0.000000000   3.860676393   0.000000000
   0.000000000   0.000000000   4.054793487
ATOMIC_POSITIONS (crystal)
Pb               0.0000000000        0.0000000000       -0.0005602344
Ti               0.5000000000        0.5000000000        0.5375393550
O                0.5000000000        0.5000000000        0.1006719660
O                0.5000000000        0.0000000000        0.6011744567
O                0.0000000000        0.5000000000        0.6011744567
