
ATOMIC_POSITIONS (angstrom)
Si               1.3178877039        2.2826446966        0.0000000000
Si               2.2802345922        0.0000000000        1.8016700000
Si              -1.1401122961        1.9747353034        3.6033300000
O                0.3520546225        1.7476008863        4.2051051275
O                0.7685133157        3.6884689149        0.6017651275
O               -1.1205679382        3.0787001988        2.4034351275
O                1.3374320618        1.1786798012        1.1998948725
O                2.8100546225        2.5097891137        4.8032348725
O                3.2265133157        0.5689110851        3.0015648725
