CELL_PARAMETERS (angstrom)
   4.919548093  -0.076691553  -0.078459284
  -2.557579437   4.154798497   0.244870075
  -0.050022139   0.292685522   5.565560028

ATOMIC_POSITIONS (crystal)
Si               0.4618611797        0.0055767507        0.0022891987
Si               0.0196031109        0.5182331784        0.6484954833
Si               0.4730133312        0.4589527128        0.3342495310
O                0.3054720950        0.1160519036        0.2027139187
O                0.7971615374        0.4839112054        0.4243578024
O                0.7782042861        0.3645522744        0.9127129117
O                0.5890012517        0.8007628503        0.1665138251
O                0.2529103934        0.3915996807        0.5701057072
O                0.3227728144        0.8603594437        0.7385616218

