Dynamical matrix file
default                                                                    
  3    5   0   7.3699319   0.0000000   0.0000000   0.0000000   0.0000000   0.0000000
Basis vectors
      1.000000000    0.000000000    0.000000000
      0.000000000    1.000000000    0.000000000
      0.000000000    0.000000000    1.025641026
           1  'O      '    14582.196445495396     
           2  'Pb     '    188851.24717211360     
           3  'Ti     '    43628.101584882053     
    1    2      0.0000000000      0.0000000000      0.0000000000
    2    3      0.5000000000      0.5000000000      0.5128205128
    3    1      0.0000000000      0.5000000000      0.5128205128
    4    1      0.5000000000      0.0000000000      0.5128205128
    5    1      0.5000000000      0.5000000000      0.0000000000

     Dynamical  Matrix in cartesian axes

     q = (    0.000000000   0.000000000   0.000000000 ) 

    1    1
  0.01176118   0.00000000     0.00000000   0.00000000     0.00000000   0.00000000
  0.00000000   0.00000000     0.01176118   0.00000000     0.00000000   0.00000000
  0.00000000   0.00000000     0.00000000   0.00000000     0.01531349   0.00000000
    1    2
 -0.05167135   0.00000000     0.00000000   0.00000000     0.00000000   0.00000000
  0.00000000   0.00000000    -0.05167135   0.00000000     0.00000000   0.00000000
  0.00000000   0.00000000     0.00000000   0.00000000    -0.05483496   0.00000000
    1    3
 -0.01582540   0.00000000     0.00000000   0.00000000     0.00000000   0.00000000
  0.00000000   0.00000000     0.02769952   0.00000000     0.00000000   0.00000000
  0.00000000   0.00000000     0.00000000   0.00000000     0.02905189   0.00000000
    1    4
  0.02769952   0.00000000     0.00000000   0.00000000     0.00000000   0.00000000
  0.00000000   0.00000000    -0.01582540   0.00000000     0.00000000   0.00000000
  0.00000000   0.00000000     0.00000000   0.00000000     0.02905189   0.00000000
    1    5
  0.02963164   0.00000000     0.00000000   0.00000000     0.00000000   0.00000000
  0.00000000   0.00000000     0.02963164   0.00000000     0.00000000   0.00000000
  0.00000000   0.00000000     0.00000000   0.00000000    -0.01778741   0.00000000
    2    1
 -0.05167135   0.00000000     0.00000000   0.00000000     0.00000000   0.00000000
  0.00000000   0.00000000    -0.05167135   0.00000000     0.00000000   0.00000000
  0.00000000   0.00000000     0.00000000   0.00000000    -0.05483496   0.00000000
    2    2
  0.01359940   0.00000000     0.00000000   0.00000000     0.00000000   0.00000000
  0.00000000   0.00000000     0.01359940   0.00000000     0.00000000   0.00000000
  0.00000000   0.00000000     0.00000000   0.00000000    -0.03057636   0.00000000
    2    3
  0.03145646   0.00000000     0.00000000   0.00000000     0.00000000   0.00000000
  0.00000000   0.00000000     0.00664143   0.00000000     0.00000000   0.00000000
  0.00000000   0.00000000     0.00000000   0.00000000     0.00002963   0.00000000
    2    4
  0.00664143   0.00000000     0.00000000   0.00000000     0.00000000   0.00000000
  0.00000000   0.00000000     0.03145646   0.00000000     0.00000000   0.00000000
  0.00000000   0.00000000     0.00000000   0.00000000     0.00002963   0.00000000
    2    5
 -0.00527097   0.00000000     0.00000000   0.00000000     0.00000000   0.00000000
  0.00000000   0.00000000    -0.00527097   0.00000000     0.00000000   0.00000000
  0.00000000   0.00000000     0.00000000   0.00000000     0.07775766   0.00000000
    3    1
 -0.01582540   0.00000000     0.00000000   0.00000000     0.00000000   0.00000000
  0.00000000   0.00000000     0.02769952   0.00000000     0.00000000   0.00000000
  0.00000000   0.00000000     0.00000000   0.00000000     0.02905189   0.00000000
    3    2
  0.03145646   0.00000000     0.00000000   0.00000000     0.00000000   0.00000000
  0.00000000   0.00000000     0.00664143   0.00000000     0.00000000   0.00000000
  0.00000000   0.00000000     0.00000000   0.00000000     0.00002963   0.00000000
    3    3
  0.18025012   0.00000000     0.00000000   0.00000000     0.00000000   0.00000000
  0.00000000   0.00000000     0.06899722   0.00000000     0.00000000   0.00000000
  0.00000000   0.00000000     0.00000000   0.00000000     0.06108019   0.00000000
    3    4
 -0.10252269   0.00000000     0.00000000   0.00000000     0.00000000   0.00000000
  0.00000000   0.00000000    -0.10252269   0.00000000     0.00000000   0.00000000
  0.00000000   0.00000000     0.00000000   0.00000000     0.00593075   0.00000000
    3    5
 -0.09198641   0.00000000     0.00000000   0.00000000     0.00000000   0.00000000
  0.00000000   0.00000000     0.00154192   0.00000000     0.00000000   0.00000000
  0.00000000   0.00000000     0.00000000   0.00000000    -0.09476242   0.00000000
    4    1
  0.02769952   0.00000000     0.00000000   0.00000000     0.00000000   0.00000000
  0.00000000   0.00000000    -0.01582540   0.00000000     0.00000000   0.00000000
  0.00000000   0.00000000     0.00000000   0.00000000     0.02905189   0.00000000
    4    2
  0.00664143   0.00000000     0.00000000   0.00000000     0.00000000   0.00000000
  0.00000000   0.00000000     0.03145646   0.00000000     0.00000000   0.00000000
  0.00000000   0.00000000     0.00000000   0.00000000     0.00002963   0.00000000
    4    3
 -0.10252269   0.00000000     0.00000000   0.00000000     0.00000000   0.00000000
  0.00000000   0.00000000    -0.10252269   0.00000000     0.00000000   0.00000000
  0.00000000   0.00000000     0.00000000   0.00000000     0.00593075   0.00000000
    4    4
  0.06899722   0.00000000     0.00000000   0.00000000     0.00000000   0.00000000
  0.00000000   0.00000000     0.18025012   0.00000000     0.00000000   0.00000000
  0.00000000   0.00000000     0.00000000   0.00000000     0.06108019   0.00000000
    4    5
  0.00154192   0.00000000     0.00000000   0.00000000     0.00000000   0.00000000
  0.00000000   0.00000000    -0.09198641   0.00000000     0.00000000   0.00000000
  0.00000000   0.00000000     0.00000000   0.00000000    -0.09476242   0.00000000
    5    1
  0.02963164   0.00000000     0.00000000   0.00000000     0.00000000   0.00000000
  0.00000000   0.00000000     0.02963164   0.00000000     0.00000000   0.00000000
  0.00000000   0.00000000     0.00000000   0.00000000    -0.01778741   0.00000000
    5    2
 -0.00527097   0.00000000     0.00000000   0.00000000     0.00000000   0.00000000
  0.00000000   0.00000000    -0.00527097   0.00000000     0.00000000   0.00000000
  0.00000000   0.00000000     0.00000000   0.00000000     0.07775766   0.00000000
    5    3
 -0.09198641   0.00000000     0.00000000   0.00000000     0.00000000   0.00000000
  0.00000000   0.00000000     0.00154192   0.00000000     0.00000000   0.00000000
  0.00000000   0.00000000     0.00000000   0.00000000    -0.09476242   0.00000000
    5    4
  0.00154192   0.00000000     0.00000000   0.00000000     0.00000000   0.00000000
  0.00000000   0.00000000    -0.09198641   0.00000000     0.00000000   0.00000000
  0.00000000   0.00000000     0.00000000   0.00000000    -0.09476242   0.00000000
    5    5
  0.06808313   0.00000000     0.00000000   0.00000000     0.00000000   0.00000000
  0.00000000   0.00000000     0.06808313   0.00000000     0.00000000   0.00000000
  0.00000000   0.00000000     0.00000000   0.00000000     0.13124302   0.00000000

     Dielectric Tensor:

          8.641786903972          0.000000000000          0.000000000000
          0.000000000000          8.641786903972          0.000000000000
          0.000000000000          0.000000000000          8.303378601817

     Effective Charges E-U: Z_{alpha}{s,beta}

     atom #    1
          3.895215426340          0.000000000000          0.000000000000
          0.000000000000          3.895215426340          0.000000000000
          0.000000000000          0.000000000000          3.805533744674
     atom #    2
          7.369152640506          0.000000000000          0.000000000000
          0.000000000000          7.369152640506          0.000000000000
          0.000000000000          0.000000000000          6.863050334119
     atom #    3
         -6.047064493302          0.000000000000          0.000000000000
          0.000000000000         -2.512344271211          0.000000000000
          0.000000000000          0.000000000000         -2.540856714348
     atom #    4
         -2.512344271211          0.000000000000          0.000000000000
          0.000000000000         -6.047064493302          0.000000000000
          0.000000000000          0.000000000000         -2.540856714348
     atom #    5
         -2.694296391813          0.000000000000          0.000000000000
          0.000000000000         -2.694296391813          0.000000000000
          0.000000000000          0.000000000000         -5.579542408487

     Diagonalizing the dynamical matrix

     q = (    0.000000000   0.000000000   0.000000000 ) 

 **************************************************************************
     freq (    1) =      -6.579670 [THz] =    -219.474179 [cm-1]
 ( -0.000000  0.000000 -0.000000  0.000000  0.047658 -0.000000 ) 
 ( -0.000000  0.000000 -0.000000  0.000000  0.358174  0.000000 ) 
 (  0.000000  0.000000  0.000000  0.000000 -0.486705  0.000000 ) 
 (  0.000000 -0.000000  0.000000 -0.000000 -0.486705  0.000000 ) 
 (  0.000000 -0.000000  0.000000  0.000000 -0.629028  0.000000 ) 
     freq (    2) =      -4.700305 [THz] =    -156.785307 [cm-1]
 ( -0.005785  0.000000 -0.088300  0.000000 -0.000000  0.000000 ) 
 ( -0.014743  0.000000 -0.225050  0.000000 -0.000000  0.000000 ) 
 (  0.036009  0.000000  0.602340  0.000000  0.000000  0.000000 ) 
 (  0.039459  0.000000  0.549667  0.000000  0.000000  0.000000 ) 
 (  0.034187  0.000000  0.521857  0.000000  0.000000  0.000000 ) 
     freq (    3) =      -4.700305 [THz] =    -156.785307 [cm-1]
 ( -0.088300  0.000000  0.005785 -0.000000  0.000000 -0.000000 ) 
 ( -0.225050  0.000000  0.014743 -0.000000 -0.000000  0.000000 ) 
 (  0.549667 -0.000000 -0.039459  0.000000  0.000000  0.000000 ) 
 (  0.602340 -0.000000 -0.036009  0.000000 -0.000000  0.000000 ) 
 (  0.521857 -0.000000 -0.034187  0.000000  0.000000  0.000000 ) 
     freq (    4) =      -0.351301 [THz] =     -11.718131 [cm-1]
 ( -0.000000  0.000000  0.000000  0.000000 -0.376377  0.000000 ) 
 ( -0.000000  0.000000  0.000000  0.000000 -0.470354  0.000000 ) 
 ( -0.000000  0.000000  0.000000  0.000000 -0.467593  0.000000 ) 
 ( -0.000000  0.000000  0.000000  0.000000 -0.467593  0.000000 ) 
 ( -0.000000  0.000000  0.000000  0.000000 -0.447013  0.000000 ) 
     freq (    5) =       0.289426 [THz] =       9.654201 [cm-1]
 (  0.361064  0.000000  0.182313 -0.000000  0.000000 -0.000000 ) 
 (  0.404448  0.000000  0.204219 -0.000000  0.000000 -0.000000 ) 
 (  0.405298  0.000000  0.206913 -0.000000  0.000000 -0.000000 ) 
 (  0.409784  0.000000  0.204648 -0.000000  0.000000 -0.000000 ) 
 (  0.413165  0.000000  0.208621 -0.000000  0.000000 -0.000000 ) 
     freq (    6) =       0.289426 [THz] =       9.654201 [cm-1]
 (  0.182313  0.000000 -0.361064  0.000000 -0.000000  0.000000 ) 
 (  0.204219  0.000000 -0.404448  0.000000 -0.000000  0.000000 ) 
 (  0.204648  0.000000 -0.409784  0.000000 -0.000000  0.000000 ) 
 (  0.206913  0.000000 -0.405298  0.000000 -0.000000  0.000000 ) 
 (  0.208621  0.000000 -0.413165  0.000000 -0.000000  0.000000 ) 
     freq (    7) =       1.962106 [THz] =      65.448807 [cm-1]
 (  0.000000  0.000000  0.000000  0.000000 -0.302546  0.000000 ) 
 (  0.000000  0.000000 -0.000000  0.000000  0.691488  0.000000 ) 
 (  0.000000  0.000000  0.000000  0.000000  0.442609  0.000000 ) 
 (  0.000000  0.000000  0.000000  0.000000  0.442609  0.000000 ) 
 (  0.000000  0.000000 -0.000000  0.000000  0.196225  0.000000 ) 
     freq (    8) =       2.772481 [THz] =      92.480008 [cm-1]
 (  0.276039  0.000000  0.021473  0.000000  0.000000  0.000000 ) 
 ( -0.890102  0.000000 -0.069240  0.000000  0.000000  0.000000 ) 
 ( -0.064266  0.000000 -0.010383  0.000000 -0.000000  0.000000 ) 
 ( -0.133475  0.000000 -0.004999  0.000000  0.000000  0.000000 ) 
 ( -0.321809  0.000000 -0.025033  0.000000 -0.000000  0.000000 ) 
     freq (    9) =       2.772481 [THz] =      92.480008 [cm-1]
 (  0.021473  0.000000 -0.276039  0.000000  0.000000  0.000000 ) 
 ( -0.069240  0.000000  0.890102  0.000000  0.000000  0.000000 ) 
 ( -0.004999  0.000000  0.133475  0.000000  0.000000  0.000000 ) 
 ( -0.010383  0.000000  0.064266  0.000000  0.000000  0.000000 ) 
 ( -0.025033  0.000000  0.321809  0.000000  0.000000  0.000000 ) 
     freq (   10) =       6.397851 [THz] =     213.409333 [cm-1]
 ( -0.000000  0.000000  0.000000  0.000000  0.000000  0.000000 ) 
 (  0.000000  0.000000  0.000000  0.000000 -0.000000  0.000000 ) 
 (  0.000000  0.000000 -0.000000  0.000000 -0.707107  0.000000 ) 
 (  0.000000  0.000000 -0.000000  0.000000  0.707107  0.000000 ) 
 ( -0.000000  0.000000  0.000000  0.000000 -0.000000  0.000000 ) 
     freq (   11) =       7.071390 [THz] =     235.876169 [cm-1]
 (  0.000994  0.000000 -0.006285  0.000000 -0.000000  0.000000 ) 
 ( -0.007253  0.000000  0.045844  0.000000 -0.000000  0.000000 ) 
 ( -0.000147  0.000000  0.667744  0.000000 -0.000000  0.000000 ) 
 ( -0.105648  0.000000  0.000930  0.000000  0.000000  0.000000 ) 
 (  0.114917  0.000000 -0.726329  0.000000 -0.000000  0.000000 ) 
     freq (   12) =       7.071390 [THz] =     235.876169 [cm-1]
 (  0.006285  0.000000  0.000994  0.000000 -0.000000  0.000000 ) 
 ( -0.045844  0.000000 -0.007253  0.000000 -0.000000  0.000000 ) 
 ( -0.000930  0.000000 -0.105648  0.000000 -0.000000  0.000000 ) 
 ( -0.667744  0.000000 -0.000147  0.000000  0.000000  0.000000 ) 
 (  0.726329  0.000000  0.114917  0.000000  0.000000  0.000000 ) 
     freq (   13) =      13.416563 [THz] =     447.528369 [cm-1]
 ( -0.000000  0.000000  0.000000  0.000000 -0.013918  0.000000 ) 
 (  0.000000  0.000000 -0.000000  0.000000  0.082259  0.000000 ) 
 (  0.000000  0.000000  0.000000  0.000000 -0.429073  0.000000 ) 
 ( -0.000000  0.000000 -0.000000  0.000000 -0.429073  0.000000 ) 
 ( -0.000000  0.000000  0.000000  0.000000  0.790463  0.000000 ) 
     freq (   14) =      14.279063 [THz] =     476.298269 [cm-1]
 (  0.010531  0.000000 -0.000357  0.000000 -0.000000  0.000000 ) 
 ( -0.031908  0.000000  0.001083  0.000000 -0.000000  0.000000 ) 
 ( -0.827709  0.000000 -0.014108  0.000000 -0.000000  0.000000 ) 
 (  0.415705  0.000000  0.028091  0.000000  0.000000  0.000000 ) 
 (  0.373909  0.000000 -0.012690  0.000000  0.000000  0.000000 ) 
     freq (   15) =      14.279063 [THz] =     476.298269 [cm-1]
 ( -0.000357  0.000000 -0.010531  0.000000  0.000000  0.000000 ) 
 (  0.001083  0.000000  0.031908  0.000000  0.000000  0.000000 ) 
 (  0.028091  0.000000 -0.415705  0.000000 -0.000000  0.000000 ) 
 ( -0.014108  0.000000  0.827709  0.000000 -0.000000  0.000000 ) 
 ( -0.012690  0.000000 -0.373909  0.000000  0.000000  0.000000 ) 
 **************************************************************************
