Dynamical matrix file
default                                                                    
  3    5   0   7.2956210   0.0000000   0.0000000   0.0000000   0.0000000   0.0000000
Basis vectors
      1.000000000    0.000000000    0.000000000
      0.000000000    1.000000000    0.000000000
      0.000000000    0.000000000    1.050280592
           1  'O      '    14582.196445495396     
           2  'Pb     '    188851.24717211360     
           3  'Ti     '    43628.101584882053     
    1    2      0.0000000000      0.0000000000      0.0000000000
    2    3      0.5000004671      0.5000004671      0.5251411394
    3    1      0.0000000000      0.5000004671      0.5251411394
    4    1      0.5000004671      0.0000000000      0.5251411394
    5    1      0.5000004671      0.5000004671      0.0000000000

     Dynamical  Matrix in cartesian axes

     q = (    0.000000000   0.000000000   0.000000000 ) 

    1    1
  0.01211239   0.00000000     0.00000000   0.00000000     0.00000000   0.00000000
  0.00000000   0.00000000     0.01211239   0.00000000     0.00000000   0.00000000
  0.00000000   0.00000000     0.00000000   0.00000000     0.01965462   0.00000000
    1    2
 -0.05127445   0.00000000     0.00000000   0.00000000     0.00000000   0.00000000
  0.00000000   0.00000000    -0.05127445   0.00000000     0.00000000   0.00000000
  0.00000000   0.00000000     0.00000000   0.00000000    -0.05805055   0.00000000
    1    3
 -0.01524837   0.00000000     0.00000000   0.00000000     0.00000000   0.00000000
  0.00000000   0.00000000     0.02590634   0.00000000     0.00000000   0.00000000
  0.00000000   0.00000000     0.00000000   0.00000000     0.02896169   0.00000000
    1    4
  0.02590634   0.00000000     0.00000000   0.00000000     0.00000000   0.00000000
  0.00000000   0.00000000    -0.01524837   0.00000000     0.00000000   0.00000000
  0.00000000   0.00000000     0.00000000   0.00000000     0.02896169   0.00000000
    1    5
  0.02932301   0.00000000     0.00000000   0.00000000     0.00000000   0.00000000
  0.00000000   0.00000000     0.02932301   0.00000000     0.00000000   0.00000000
  0.00000000   0.00000000     0.00000000   0.00000000    -0.01895861   0.00000000
    2    1
 -0.05127445   0.00000000     0.00000000   0.00000000     0.00000000   0.00000000
  0.00000000   0.00000000    -0.05127445   0.00000000     0.00000000   0.00000000
  0.00000000   0.00000000     0.00000000   0.00000000    -0.05805055   0.00000000
    2    2
  0.03473846   0.00000000     0.00000000   0.00000000     0.00000000   0.00000000
  0.00000000   0.00000000     0.03473846   0.00000000     0.00000000   0.00000000
  0.00000000   0.00000000     0.00000000   0.00000000    -0.04917096   0.00000000
    2    3
  0.00467697   0.00000000     0.00000000   0.00000000     0.00000000   0.00000000
  0.00000000   0.00000000     0.01580763   0.00000000     0.00000000   0.00000000
  0.00000000   0.00000000     0.00000000   0.00000000     0.00289229   0.00000000
    2    4
  0.01580763   0.00000000     0.00000000   0.00000000     0.00000000   0.00000000
  0.00000000   0.00000000     0.00467697   0.00000000     0.00000000   0.00000000
  0.00000000   0.00000000     0.00000000   0.00000000     0.00289229   0.00000000
    2    5
 -0.00749809   0.00000000     0.00000000   0.00000000     0.00000000   0.00000000
  0.00000000   0.00000000    -0.00749809   0.00000000     0.00000000   0.00000000
  0.00000000   0.00000000     0.00000000   0.00000000     0.09427581   0.00000000
    3    1
 -0.01524837   0.00000000     0.00000000   0.00000000     0.00000000   0.00000000
  0.00000000   0.00000000     0.02590634   0.00000000     0.00000000   0.00000000
  0.00000000   0.00000000     0.00000000   0.00000000     0.02896169   0.00000000
    3    2
  0.00467697   0.00000000     0.00000000   0.00000000     0.00000000   0.00000000
  0.00000000   0.00000000     0.01580763   0.00000000     0.00000000   0.00000000
  0.00000000   0.00000000     0.00000000   0.00000000     0.00289229   0.00000000
    3    3
  0.20954987   0.00000000     0.00000000   0.00000000     0.00000000   0.00000000
  0.00000000   0.00000000     0.06959104   0.00000000     0.00000000   0.00000000
  0.00000000   0.00000000     0.00000000   0.00000000     0.05369877   0.00000000
    3    4
 -0.10958417   0.00000000     0.00000000   0.00000000     0.00000000   0.00000000
  0.00000000   0.00000000    -0.10958417   0.00000000     0.00000000   0.00000000
  0.00000000   0.00000000     0.00000000   0.00000000     0.00893125   0.00000000
    3    5
 -0.08830783   0.00000000     0.00000000   0.00000000     0.00000000   0.00000000
  0.00000000   0.00000000     0.00031126   0.00000000     0.00000000   0.00000000
  0.00000000   0.00000000     0.00000000   0.00000000    -0.09359838   0.00000000
    4    1
  0.02590634   0.00000000     0.00000000   0.00000000     0.00000000   0.00000000
  0.00000000   0.00000000    -0.01524837   0.00000000     0.00000000   0.00000000
  0.00000000   0.00000000     0.00000000   0.00000000     0.02896169   0.00000000
    4    2
  0.01580763   0.00000000     0.00000000   0.00000000     0.00000000   0.00000000
  0.00000000   0.00000000     0.00467697   0.00000000     0.00000000   0.00000000
  0.00000000   0.00000000     0.00000000   0.00000000     0.00289229   0.00000000
    4    3
 -0.10958417   0.00000000     0.00000000   0.00000000     0.00000000   0.00000000
  0.00000000   0.00000000    -0.10958417   0.00000000     0.00000000   0.00000000
  0.00000000   0.00000000     0.00000000   0.00000000     0.00893125   0.00000000
    4    4
  0.06959104   0.00000000     0.00000000   0.00000000     0.00000000   0.00000000
  0.00000000   0.00000000     0.20954987   0.00000000     0.00000000   0.00000000
  0.00000000   0.00000000     0.00000000   0.00000000     0.05369877   0.00000000
    4    5
  0.00031126   0.00000000     0.00000000   0.00000000     0.00000000   0.00000000
  0.00000000   0.00000000    -0.08830783   0.00000000     0.00000000   0.00000000
  0.00000000   0.00000000     0.00000000   0.00000000    -0.09359838   0.00000000
    5    1
  0.02932301   0.00000000     0.00000000   0.00000000     0.00000000   0.00000000
  0.00000000   0.00000000     0.02932301   0.00000000     0.00000000   0.00000000
  0.00000000   0.00000000     0.00000000   0.00000000    -0.01895861   0.00000000
    5    2
 -0.00749809   0.00000000     0.00000000   0.00000000     0.00000000   0.00000000
  0.00000000   0.00000000    -0.00749809   0.00000000     0.00000000   0.00000000
  0.00000000   0.00000000     0.00000000   0.00000000     0.09427581   0.00000000
    5    3
 -0.08830783   0.00000000     0.00000000   0.00000000     0.00000000   0.00000000
  0.00000000   0.00000000     0.00031126   0.00000000     0.00000000   0.00000000
  0.00000000   0.00000000     0.00000000   0.00000000    -0.09359838   0.00000000
    5    4
  0.00031126   0.00000000     0.00000000   0.00000000     0.00000000   0.00000000
  0.00000000   0.00000000    -0.08830783   0.00000000     0.00000000   0.00000000
  0.00000000   0.00000000     0.00000000   0.00000000    -0.09359838   0.00000000
    5    5
  0.06793340   0.00000000     0.00000000   0.00000000     0.00000000   0.00000000
  0.00000000   0.00000000     0.06793340   0.00000000     0.00000000   0.00000000
  0.00000000   0.00000000     0.00000000   0.00000000     0.11347282   0.00000000

     Dielectric Tensor:

          8.796811496319          0.000000000000          0.000000000000
          0.000000000000          8.796811496319          0.000000000000
          0.000000000000          0.000000000000          8.105342520263

     Effective Charges E-U: Z_{alpha}{s,beta}

     atom #    1
          3.937279501761          0.000000000000          0.000000000000
          0.000000000000          3.937279501761          0.000000000000
          0.000000000000          0.000000000000          3.755281263524
     atom #    2
          7.540821843135          0.000000000000          0.000000000000
          0.000000000000          7.540821843135          0.000000000000
          0.000000000000          0.000000000000          6.553985450884
     atom #    3
         -6.213047222017          0.000000000000          0.000000000000
          0.000000000000         -2.459956792723          0.000000000000
          0.000000000000          0.000000000000         -2.501384090857
     atom #    4
         -2.459956792723          0.000000000000          0.000000000000
          0.000000000000         -6.213047222017          0.000000000000
          0.000000000000          0.000000000000         -2.501384090857
     atom #    5
         -2.801595540583          0.000000000000          0.000000000000
          0.000000000000         -2.801595540583          0.000000000000
          0.000000000000          0.000000000000         -5.304245827430

     Effective Charges U-E: Z_{s,alpha}{beta}

     atom #    1
      0.393780973250E+01      0.000000000000E+00      0.000000000000E+00
      0.000000000000E+00      0.393780973250E+01      0.000000000000E+00
      0.000000000000E+00      0.000000000000E+00      0.375563843099E+01
     atom #    2
      0.754129560696E+01      0.000000000000E+00      0.000000000000E+00
      0.000000000000E+00      0.754129560696E+01      0.000000000000E+00
      0.000000000000E+00      0.000000000000E+00      0.655422569905E+01
     atom #    3
     -0.621357202119E+01      0.000000000000E+00      0.000000000000E+00
      0.000000000000E+00     -0.245983818885E+01      0.000000000000E+00
      0.000000000000E+00      0.000000000000E+00     -0.250161052352E+01
     atom #    4
     -0.245983818885E+01      0.000000000000E+00      0.000000000000E+00
      0.000000000000E+00     -0.621357202119E+01      0.000000000000E+00
      0.000000000000E+00      0.000000000000E+00     -0.250161052352E+01
     atom #    5
     -0.280161924874E+01      0.000000000000E+00      0.000000000000E+00
      0.000000000000E+00     -0.280161924874E+01      0.000000000000E+00
      0.000000000000E+00      0.000000000000E+00     -0.530420499750E+01

     Diagonalizing the dynamical matrix

     q = (    0.000000000   0.000000000   0.000000000 ) 

 **************************************************************************
     freq (    1) =      -7.410882 [THz] =    -247.200425 [cm-1]
 ( -0.000000  0.000000 -0.000000  0.000000  0.037572 -0.000000 ) 
 ( -0.000000  0.000000 -0.000000  0.000000  0.384531  0.000000 ) 
 (  0.000000  0.000000  0.000000  0.000000 -0.462051  0.000000 ) 
 (  0.000000 -0.000000  0.000000 -0.000000 -0.462051  0.000000 ) 
 (  0.000000  0.000000  0.000000 -0.000000 -0.650954  0.000000 ) 
     freq (    2) =      -4.031453 [THz] =    -134.474806 [cm-1]
 ( -0.108476  0.000000 -0.003129  0.000000 -0.000000  0.000000 ) 
 ( -0.144649  0.000000 -0.004173  0.000000  0.000000  0.000000 ) 
 (  0.507661  0.000000  0.019097  0.000000 -0.000000  0.000000 ) 
 (  0.662012  0.000000  0.014645  0.000000  0.000000  0.000000 ) 
 (  0.520095  0.000000  0.015003  0.000000  0.000000  0.000000 ) 
     freq (    3) =      -4.031453 [THz] =    -134.474806 [cm-1]
 (  0.003129  0.000000 -0.108476  0.000000 -0.000000  0.000000 ) 
 (  0.004173  0.000000 -0.144649  0.000000 -0.000000  0.000000 ) 
 ( -0.014645  0.000000  0.662012  0.000000 -0.000000  0.000000 ) 
 ( -0.019097  0.000000  0.507661  0.000000 -0.000000  0.000000 ) 
 ( -0.015003  0.000000  0.520095  0.000000 -0.000000  0.000000 ) 
     freq (    4) =      -0.391455 [THz] =     -13.057547 [cm-1]
 (  0.000000  0.000000  0.000000  0.000000 -0.380370  0.000000 ) 
 (  0.000000  0.000000  0.000000  0.000000 -0.467391  0.000000 ) 
 (  0.000000  0.000000  0.000000  0.000000 -0.467842  0.000000 ) 
 (  0.000000  0.000000  0.000000  0.000000 -0.467842  0.000000 ) 
 (  0.000000  0.000000  0.000000  0.000000 -0.446220  0.000000 ) 
     freq (    5) =       0.302999 [THz] =      10.106953 [cm-1]
 (  0.414294 -0.000000 -0.001055  0.000000  0.000000 -0.000000 ) 
 (  0.445180 -0.000000 -0.001133  0.000000  0.000000 -0.000000 ) 
 (  0.454882 -0.000000 -0.001170  0.000000  0.000000 -0.000000 ) 
 (  0.459706 -0.000000 -0.001158  0.000000  0.000000 -0.000000 ) 
 (  0.460350 -0.000000 -0.001172  0.000000  0.000000 -0.000000 ) 
     freq (    6) =       0.302999 [THz] =      10.106953 [cm-1]
 ( -0.001055  0.000000 -0.414294  0.000000 -0.000000  0.000000 ) 
 ( -0.001133  0.000000 -0.445180  0.000000 -0.000000  0.000000 ) 
 ( -0.001158  0.000000 -0.459706  0.000000 -0.000000  0.000000 ) 
 ( -0.001170  0.000000 -0.454882  0.000000 -0.000000  0.000000 ) 
 ( -0.001172  0.000000 -0.460350  0.000000 -0.000000  0.000000 ) 
     freq (    7) =       1.937017 [THz] =      64.611943 [cm-1]
 ( -0.000000  0.000000  0.000000  0.000000 -0.291918  0.000000 ) 
 (  0.000000  0.000000  0.000000  0.000000  0.635758  0.000000 ) 
 ( -0.000000  0.000000  0.000000  0.000000  0.479709  0.000000 ) 
 ( -0.000000  0.000000  0.000000  0.000000  0.479709  0.000000 ) 
 ( -0.000000  0.000000  0.000000  0.000000  0.224400  0.000000 ) 
     freq (    8) =       3.290791 [THz] =     109.768978 [cm-1]
 (  0.240275  0.000000  0.022794  0.000000 -0.000000  0.000000 ) 
 ( -0.916006  0.000000 -0.086898  0.000000  0.000000  0.000000 ) 
 ( -0.008631  0.000000  0.012756  0.000000  0.000000  0.000000 ) 
 (  0.134459  0.000000 -0.000819  0.000000  0.000000  0.000000 ) 
 ( -0.275912  0.000000 -0.026175  0.000000  0.000000  0.000000 ) 
     freq (    9) =       3.290791 [THz] =     109.768978 [cm-1]
 ( -0.022794  0.000000  0.240275  0.000000  0.000000  0.000000 ) 
 (  0.086898  0.000000 -0.916006  0.000000 -0.000000  0.000000 ) 
 (  0.000819  0.000000  0.134459  0.000000 -0.000000  0.000000 ) 
 ( -0.012756  0.000000 -0.008631  0.000000 -0.000000  0.000000 ) 
 (  0.026175  0.000000 -0.275912  0.000000 -0.000000  0.000000 ) 
     freq (   10) =       5.764280 [THz] =     192.275691 [cm-1]
 (  0.000000  0.000000 -0.000000  0.000000  0.000000  0.000000 ) 
 (  0.000000  0.000000 -0.000000  0.000000 -0.000000  0.000000 ) 
 (  0.000000  0.000000 -0.000000  0.000000  0.707107  0.000000 ) 
 (  0.000000  0.000000 -0.000000  0.000000 -0.707107  0.000000 ) 
 (  0.000000  0.000000 -0.000000  0.000000 -0.000000  0.000000 ) 
     freq (   11) =       7.201016 [THz] =     240.200054 [cm-1]
 (  0.012102 -0.000000 -0.002603  0.000000  0.000000 -0.000000 ) 
 ( -0.092203  0.000000  0.019830  0.000000 -0.000000  0.000000 ) 
 ( -0.006758  0.000000  0.133176  0.000000  0.000000 -0.000000 ) 
 ( -0.619234  0.000000  0.001453  0.000000 -0.000000  0.000000 ) 
 (  0.750765 -0.000000 -0.161464  0.000000 -0.000000  0.000000 ) 
     freq (   12) =       7.201016 [THz] =     240.200054 [cm-1]
 ( -0.002603  0.000000 -0.012102  0.000000 -0.000000  0.000000 ) 
 (  0.019830  0.000000  0.092203  0.000000 -0.000000  0.000000 ) 
 (  0.001453  0.000000  0.619234  0.000000 -0.000000  0.000000 ) 
 (  0.133176  0.000000  0.006758  0.000000 -0.000000  0.000000 ) 
 ( -0.161464  0.000000 -0.750765  0.000000 -0.000000  0.000000 ) 
     freq (   13) =      13.075017 [THz] =     436.135618 [cm-1]
 ( -0.000000  0.000000  0.000000  0.000000 -0.015435  0.000000 ) 
 ( -0.000000  0.000000  0.000000  0.000000  0.097450  0.000000 ) 
 (  0.000000  0.000000  0.000000  0.000000 -0.436564  0.000000 ) 
 ( -0.000000  0.000000 -0.000000  0.000000 -0.436564  0.000000 ) 
 (  0.000000  0.000000 -0.000000  0.000000  0.780442  0.000000 ) 
     freq (   14) =      14.845572 [THz] =     495.194969 [cm-1]
 (  0.008683  0.000000 -0.000201  0.000000  0.000000  0.000000 ) 
 ( -0.000459  0.000000  0.000011  0.000000  0.000000  0.000000 ) 
 ( -0.849715  0.000000 -0.009497  0.000000  0.000000  0.000000 ) 
 (  0.410981  0.000000  0.019635  0.000000 -0.000000  0.000000 ) 
 (  0.329348  0.000000 -0.007611  0.000000  0.000000  0.000000 ) 
     freq (   15) =      14.845572 [THz] =     495.194969 [cm-1]
 ( -0.000201  0.000000 -0.008683  0.000000  0.000000  0.000000 ) 
 (  0.000011  0.000000  0.000459  0.000000  0.000000  0.000000 ) 
 (  0.019635  0.000000 -0.410981  0.000000 -0.000000  0.000000 ) 
 ( -0.009497  0.000000  0.849715  0.000000 -0.000000  0.000000 ) 
 ( -0.007611  0.000000 -0.329348  0.000000  0.000000  0.000000 ) 
 **************************************************************************
